function dudt = UO2Fuel(t,u)
dudt = zeros(2,1);
dudt(1) = -0.07671943405322029*u(1)+0.0065*u(2);
dudt(2) =   10038.234054256542*u(1)...
            -1583.25*u(2)...
            +733.618327191158*u(2).^2;
end